Average Speed
41.20538353909144
38.75725698381563
26.64556665640953
25.265153953128475
26.38691064328815
39.021215415384056
31.329904980051527
12.7306172572639
30.524035856489476
24.55147110656804
17.99609003171987
23.683486605261177
34.18456074719958
27.0448384319973
31.68073968676914
17.98165682111359
20.12369524045016
31.540829000260487
29.655732895351168
22.931084242734737
26.98089425582781
26.170581247620813
24.08199589414238
13.063183722089365
16.261736560333233
12.896080293705108
21.10636719731341
23.152873707124925
37.842862104362965
20.16568222084593
13.333875781741591
15.64380178731333
35.80676207223056
36.25509540546474
13.248323133595694
35.355924570179745
17.74133503483219
24.64570753471624
23.45447347998961
24.825779373189416
21.24605041841893
32.610393492047066
18.060420927389075
21.694411204991184
32.81732051776993
22.37773102052537
20.3362009594076
22.2595322979444
12.718057307433243
38.20254694719608
24.582690011253845
25.055026623579323
24.20875040632741
19.87590875062352
7.037291066743794
17.38304485432469
6.158627096569093
38.30774876154893
31.8423680761778
17.20120085737271
25.71049603023504
21.627752755321858
23.18100555108685
7.810545580446927
29.31391642035208
19.220732951875025
29.38254197915385
20.469255117789903
25.986047667170144
27.306424311121493
25.189600661494847
17.444956138245242
32.80369123129069
21.088024074537174
8.78974636964262
18.156253086058666
26.552082559617286
27.99062273002626
22.020076729963694
16.553528055504277
26.898543719999918
24.820224690437968
29.48440015310007
5.00218228355548
1.2646064464828926
30.45929549878106
23.451261074223176
20.32397209492553
31.75994888414848
19.152603966986824
24.262593691827217
21.18747661040741
35.338648054650115
30.749408372528144
22.59834968388591
23.82205462723704
39.68211483313511
21.094442472805557
19.21307699902692
12.54565361703614
14.389056765793248
24.387789175702267
31.379078718121825
15.02954169477096
22.79441767388056
26.05524429952522
13.916536462464183
17.845913416471447
12.63654260788388
12.052022499021431
24.657226006728475
36.34978652901906
30.6593651747382
25.254832510361712
13.706955052668704
10.761434214794576
12.342405469328307
18.991338725818014
8.741318442984294
29.2878129870596
8.341245415445995
39.31028344074085
16.84329994003083
25.01465455751376
31.278758334687943
34.730729838236655
24.24783186360265
28.93380171771661
13.16649033283308
22.42468011011453
19.27058239351572
36.44790841661983
20.173533431622158
34.56947326051625
28.426255351472104
28.02577027728169
24.56763549322154
20.256819395459747
36.7211145762369
18.903430661816785
28.826344100712745
21.43529416834531
28.86165169303681
24.112680391490485
13.367697406660454
22.952551962365444
19.880142046618108
10.964718493062518
33.28208906986417
28.312946333936484
23.419553909842875
27.751578356829576
8.710562179296286
15.57758311915241
30.48545933146397
22.14322093605235
39.95976403361561
34.393701543193565
28.908055592301675
30.03023680159556
17.5709640380986
15.69553597315864
24.51144904049984
23.9115612272015
26.442496794780897
17.104457561955957
33.537099121269016
29.046561980530846
10.923162167685888
29.591853232084805
9.35935301363663
25.568703683407893
24.46074494531894
21.293139605033076
18.647398709339537
22.47652612664436
18.13188203741132
37.13593789952179
16.183629049679162
32.74564706446681
16.37675235148909
14.596507330823936
21.36845849116923
26.05138362812295
13.50476388899603
21.91701139715822
14.147605341200729
10.38508373557628
16.381447432529484
39.34460638711124
26.751615805607283
22.354690065696825
22.157387101807945
38.24589340301129
17.849020973048873
7.637431872878372
26.12327982597984
13.061979733010572
25.006702246445816
24.217800949458294
15.296375673357234
