Average Speed
28.09398499303093
28.161566726483848
31.03790655427563
27.110765273697965
33.511222448216564
25.64297291353733
27.80637225018559
26.26273815636254
15.08125102577822
26.754374497895977
28.302208584012856
27.27484525638951
18.1536927784852
19.02581338735539
25.797444729286934
31.68394160893557
26.401550975129148
26.877012264340465
23.09399444846208
36.162413360833405
18.0649739834144
24.593340226517117
25.98342857806696
30.175338656823488
20.81322932562719
40.16975838964745
23.27727009718112
45.93285050189919
28.28641751532959
26.32205537366725
29.57748117505041
27.514904702669213
19.868580941320875
17.363075702323066
22.581121703145136
40.304520229700735
28.270995898884472
22.27226027752752
29.18928769760416
33.421543880015115
20.39842684658698
24.35951911489129
29.33117528957248
22.959107660134983
29.9192310130149
33.8923407426079
27.82894298434498
28.029228499878315
24.209303124334905
33.61405004340268
26.34523944606546
18.20704676365841
