Average Speed
25.26790558237728
28.205332917344577
26.527571569869053
23.879738332757963
21.854448043958428
23.16405450122748
23.422781076412004
22.718556169316997
25.784816562349626
27.8332197453425
27.848106894284875
39.324175628409606
24.645174694155997
20.316776749569676
28.8439389578734
26.56784116143969
25.63433223404491
16.317103377761118
24.799500101538552
33.193398740813365
23.22511650299325
35.44523828801005
21.20649247074018
20.56257136561286
20.49961007523368
40.57735153553888
28.881379212854384
